ob :-4.423488
ow :-10.223793
ow :9.547326
hb :-7.088511
hw :4.621432
hw :4.621176
hb :-2.884958
hw :6.500948
hw :6.499882
